Last login: Sun Sep 22 17:27:55 on ttys000

bash-3.2$ gcc -o ./outputs/virtual_machine virtual_machine.c
bash-3.2$ cd inputs
bash-3.2$ ../outputs/virtual_machine input_001.txt
                 PC  BP  SP  stack
Initial values:   0  69  68

   JMP   0  60   60  69  68  
   INC   0   3   63  69  71  0 0 0 
   CAL   0  45   45  72  71  0 0 0 | 
   INC   0   4   48  72  75  0 0 0 | 69 69 66 0 
   LIT   0   2   51  72  76  0 0 0 | 69 69 66 0 2 
   STO   0   3   54  72  75  0 0 0 | 69 69 66 2 
   CAL   0  24   24  76  75  0 0 0 | 69 69 66 2 | 
   INC   0   4   27  76  79  0 0 0 | 69 69 66 2 | 72 72 57 0 
   LIT   0   1   30  76  80  0 0 0 | 69 69 66 2 | 72 72 57 0 1 
   STO   0   3   33  76  79  0 0 0 | 69 69 66 2 | 72 72 57 1 
   LIT   0   3   36  76  80  0 0 0 | 69 69 66 2 | 72 72 57 1 3 
   STO   1   3   39  76  79  0 0 0 | 69 69 66 3 | 72 72 57 1 
   CAL   0  12   12  80  79  0 0 0 | 69 69 66 3 | 72 72 57 1 | 
   INC   0   3   15  80  82  0 0 0 | 69 69 66 3 | 72 72 57 1 | 76 76 42 
   LOD   2   3   18  80  83  0 0 0 | 69 69 66 3 | 72 72 57 1 | 76 76 42 3 
   STO   1   3   21  80  82  0 0 0 | 69 69 66 3 | 72 72 57 3 | 76 76 42 
   RTN   0   0   42  76  79  0 0 0 | 69 69 66 3 | 72 72 57 3 
   RTN   0   0   57  72  75  0 0 0 | 69 69 66 3 
   RTN   0   0   66  69  71  0 0 0 
   SYS   0   3   69  69  71  0 0 0 
bash-3.2$ ../outputs/virtual_machine input_002.txt
                 PC  BP  SP  stack
Initial values:   0  96  95

   JMP   0  75   75  96  95  
   INC   0   5   78  96 100  0 0 0 0 0 
   LIT   0   3   81  96 101  0 0 0 0 0 3 
   STO   0   4   84  96 100  0 0 0 0 3 
   CAL   0   6    6 101 100  0 0 0 0 3 | 
   INC   0   4    9 101 104  0 0 0 0 3 | 96 96 87 0 
   LOD   1   4   12 101 105  0 0 0 0 3 | 96 96 87 0 3 
   STO   0   3   15 101 104  0 0 0 0 3 | 96 96 87 3 
   LOD   1   4   18 101 105  0 0 0 0 3 | 96 96 87 3 3 
   LIT   0   1   21 101 106  0 0 0 0 3 | 96 96 87 3 3 1 
   SUB   0   2   24 101 105  0 0 0 0 3 | 96 96 87 3 2 
   STO   1   4   27 101 104  0 0 0 0 2 | 96 96 87 3 
   LOD   1   4   30 101 105  0 0 0 0 2 | 96 96 87 3 2 
   LIT   0   0   33 101 106  0 0 0 0 2 | 96 96 87 3 2 0 
   EQL   0   5   36 101 105  0 0 0 0 2 | 96 96 87 3 0 
   JCP   0  45   45 101 104  0 0 0 0 2 | 96 96 87 3 
   LOD   1   4   48 101 105  0 0 0 0 2 | 96 96 87 3 2 
   LIT   0   0   51 101 106  0 0 0 0 2 | 96 96 87 3 2 0 
   GTR   0   9   54 101 105  0 0 0 0 2 | 96 96 87 3 1 
   JCP   0  60   57 101 104  0 0 0 0 2 | 96 96 87 3 
   CAL   1   6    6 105 104  0 0 0 0 2 | 96 96 87 3 | 
   INC   0   4    9 105 108  0 0 0 0 2 | 96 96 87 3 | 96 101 60 0 
   LOD   1   4   12 105 109  0 0 0 0 2 | 96 96 87 3 | 96 101 60 0 2 
   STO   0   3   15 105 108  0 0 0 0 2 | 96 96 87 3 | 96 101 60 2 
   LOD   1   4   18 105 109  0 0 0 0 2 | 96 96 87 3 | 96 101 60 2 2 
   LIT   0   1   21 105 110  0 0 0 0 2 | 96 96 87 3 | 96 101 60 2 2 1 
   SUB   0   2   24 105 109  0 0 0 0 2 | 96 96 87 3 | 96 101 60 2 1 
   STO   1   4   27 105 108  0 0 0 0 1 | 96 96 87 3 | 96 101 60 2 
   LOD   1   4   30 105 109  0 0 0 0 1 | 96 96 87 3 | 96 101 60 2 1 
   LIT   0   0   33 105 110  0 0 0 0 1 | 96 96 87 3 | 96 101 60 2 1 0 
   EQL   0   5   36 105 109  0 0 0 0 1 | 96 96 87 3 | 96 101 60 2 0 
   JCP   0  45   45 105 108  0 0 0 0 1 | 96 96 87 3 | 96 101 60 2 
   LOD   1   4   48 105 109  0 0 0 0 1 | 96 96 87 3 | 96 101 60 2 1 
   LIT   0   0   51 105 110  0 0 0 0 1 | 96 96 87 3 | 96 101 60 2 1 0 
   GTR   0   9   54 105 109  0 0 0 0 1 | 96 96 87 3 | 96 101 60 2 1 
   JCP   0  60   57 105 108  0 0 0 0 1 | 96 96 87 3 | 96 101 60 2 
   CAL   1   6    6 109 108  0 0 0 0 1 | 96 96 87 3 | 96 101 60 2 | 
   INC   0   4    9 109 112  0 0 0 0 1 | 96 96 87 3 | 96 101 60 2 | 96 105 60 0 
   LOD   1   4   12 109 113  0 0 0 0 1 | 96 96 87 3 | 96 101 60 2 | 96 105 60 0 1 
   STO   0   3   15 109 112  0 0 0 0 1 | 96 96 87 3 | 96 101 60 2 | 96 105 60 1 
   LOD   1   4   18 109 113  0 0 0 0 1 | 96 96 87 3 | 96 101 60 2 | 96 105 60 1 1 
   LIT   0   1   21 109 114  0 0 0 0 1 | 96 96 87 3 | 96 101 60 2 | 96 105 60 1 1 1 
   SUB   0   2   24 109 113  0 0 0 0 1 | 96 96 87 3 | 96 101 60 2 | 96 105 60 1 0 
   STO   1   4   27 109 112  0 0 0 0 0 | 96 96 87 3 | 96 101 60 2 | 96 105 60 1 
   LOD   1   4   30 109 113  0 0 0 0 0 | 96 96 87 3 | 96 101 60 2 | 96 105 60 1 0 
   LIT   0   0   33 109 114  0 0 0 0 0 | 96 96 87 3 | 96 101 60 2 | 96 105 60 1 0 0 
   EQL   0   5   36 109 113  0 0 0 0 0 | 96 96 87 3 | 96 101 60 2 | 96 105 60 1 1 
   JCP   0  45   39 109 112  0 0 0 0 0 | 96 96 87 3 | 96 101 60 2 | 96 105 60 1 
   LIT   0   1   42 109 113  0 0 0 0 0 | 96 96 87 3 | 96 101 60 2 | 96 105 60 1 1 
   STO   1   3   45 109 112  0 0 0 1 0 | 96 96 87 3 | 96 101 60 2 | 96 105 60 1 
   LOD   1   4   48 109 113  0 0 0 1 0 | 96 96 87 3 | 96 101 60 2 | 96 105 60 1 0 
   LIT   0   0   51 109 114  0 0 0 1 0 | 96 96 87 3 | 96 101 60 2 | 96 105 60 1 0 0 
   GTR   0   9   54 109 113  0 0 0 1 0 | 96 96 87 3 | 96 101 60 2 | 96 105 60 1 0 
   JCP   0  60   60 109 112  0 0 0 1 0 | 96 96 87 3 | 96 101 60 2 | 96 105 60 1 
   LOD   1   3   63 109 113  0 0 0 1 0 | 96 96 87 3 | 96 101 60 2 | 96 105 60 1 1 
   LOD   0   3   66 109 114  0 0 0 1 0 | 96 96 87 3 | 96 101 60 2 | 96 105 60 1 1 1 
   MUL   0   3   69 109 113  0 0 0 1 0 | 96 96 87 3 | 96 101 60 2 | 96 105 60 1 1 
   STO   1   3   72 109 112  0 0 0 1 0 | 96 96 87 3 | 96 101 60 2 | 96 105 60 1 
   RTN   0   0   60 105 108  0 0 0 1 0 | 96 96 87 3 | 96 101 60 2 
   LOD   1   3   63 105 109  0 0 0 1 0 | 96 96 87 3 | 96 101 60 2 1 
   LOD   0   3   66 105 110  0 0 0 1 0 | 96 96 87 3 | 96 101 60 2 1 2 
   MUL   0   3   69 105 109  0 0 0 1 0 | 96 96 87 3 | 96 101 60 2 2 
   STO   1   3   72 105 108  0 0 0 2 0 | 96 96 87 3 | 96 101 60 2 
   RTN   0   0   60 101 104  0 0 0 2 0 | 96 96 87 3 
   LOD   1   3   63 101 105  0 0 0 2 0 | 96 96 87 3 2 
   LOD   0   3   66 101 106  0 0 0 2 0 | 96 96 87 3 2 3 
   MUL   0   3   69 101 105  0 0 0 2 0 | 96 96 87 3 6 
   STO   1   3   72 101 104  0 0 0 6 0 | 96 96 87 3 
   RTN   0   0   87  96 100  0 0 0 6 0 
   LOD   0   3   90  96 101  0 0 0 6 0 6 
Output result is:  6
   SYS   0   1   93  96 100  0 0 0 6 0 
   SYS   0   3   96  96 100  0 0 0 6 0 
bash-3.2$ ../outputs/virtual_machine input_003.txt
                 PC  BP  SP  stack
Initial values:   0  60  59

   JMP   0  45   45  60  59  
   INC   0   5   48  60  64  0 0 0 0 0 
Please Enter an Intger: 3
   SYS   0   2   51  60  65  0 0 0 0 0 3 
   CAL   0   6    6  66  65  0 0 0 0 0 3 | 
   INC   0   4    9  66  69  0 0 0 0 0 3 | 60 60 54 0 
   LIT   0   4   12  66  70  0 0 0 0 0 3 | 60 60 54 0 4 
   LIT   0   3   15  66  71  0 0 0 0 0 3 | 60 60 54 0 4 3 
   MUL   0   3   18  66  70  0 0 0 0 0 3 | 60 60 54 0 12 
   STO   1   4   21  66  69  0 0 0 0 12 3 | 60 60 54 0 
   LIT   0  14   24  66  70  0 0 0 0 12 3 | 60 60 54 0 14 
   LOD   1   4   27  66  71  0 0 0 0 12 3 | 60 60 54 0 14 12 
   LSS   0   7   30  66  70  0 0 0 0 12 3 | 60 60 54 0 0 
   JCP   0  39   39  66  69  0 0 0 0 12 3 | 60 60 54 0 
   LIT   0   5   42  66  70  0 0 0 0 12 3 | 60 60 54 0 5 
   RTN   0   0   54  60  65  0 0 0 0 12 3 
Output result is:  3
   SYS   0   1   57  60  64  0 0 0 0 12 
   SYS   0   3   60  60  64  0 0 0 0 12 
bash-3.2$ 
